- Type: 4
  Flag: 0
  Id: 453
  Teleport:
    Place: 96
    Door: 0
    World: 0
    Unknown: 0
  Unk20: 0
  Unk24: 0
  Entities:
  - ObjectId: 1211
    PositionX: 343.48370361328125
    PositionY: -2.6835359676624648E-05
    PositionZ: 711.01702880859375
    RotationX: 0
    RotationY: -3.1415927410125732
    RotationZ: 0
    SpawnType: 3
    SpawnArgument: 0
    Serial: 974
    Argument1: 0
    Argument2: 0
    ReactionCommand: 789
    SpawnDelay: 0
    Command: 31
    SpawnRange: 0
    Level: 0
    Medal: 0
  - ObjectId: 2074
    PositionX: 343.48370361328125
    PositionY: -2.6835359676624648E-05
    PositionZ: 711.01702880859375
    RotationX: 0
    RotationY: 0
    RotationZ: 0
    SpawnType: 0
    SpawnArgument: 0
    Serial: 0
    Argument1: 0
    Argument2: 0
    ReactionCommand: 0
    SpawnDelay: 0
    Command:  0
    SpawnRange: 0
    Level: 0
    Medal: 0
  EventActivators: []
  WalkPath: []
  ReturnParameters: []
  Signals: []
